4
1.0000
251
8.7000
5.0000
0.1500
0.0800
0.0000
-0.0082
-0.0071
-0.0071
-0.0039
-0.0028
-0.0028
-0.0050
-0.0050
0.0004
-0.0028
0.0047
0.0058
0.0133
0.0337
0.0766
0.1529
0.2226
0.2667
0.2838
0.2774
0.2742
0.2559
0.2280
0.1937
0.1529
0.1271
0.1013
0.0745
0.0487
0.0272
0.0004
-0.0275
-0.0576
-0.0887
-0.1081
-0.1306
-0.1521
-0.1735
-0.1929
-0.2068
-0.2208
-0.2369
-0.2455
-0.2562
-0.2627
-0.2680
-0.2702
-0.2712
-0.2691
-0.2637
-0.2605
-0.2530
-0.2476
-0.2390
-0.2315
-0.2262
-0.2229
-0.2165
-0.2068
-0.1993
-0.1972
-0.1929
-0.1918
-0.1843
-0.1832
-0.1800
-0.1746
-0.1692
-0.1671
-0.1660
-0.1607
-0.1585
-0.1542
-0.1499
-0.1499
-0.1467
-0.1435
-0.1413
-0.1392
-0.1349
-0.1327
-0.1284
-0.1252
-0.1220
-0.1166
-0.1145
-0.1134
-0.1113
-0.1091
-0.1091
-0.1059
-0.1048
-0.1059
-0.1038
-0.1016
-0.0984
-0.0973
-0.0941
-0.0973
-0.0962
-0.0952
-0.0909
-0.0930
-0.0941
-0.0898
-0.0930
-0.0898
-0.0887
-0.0877
-0.0866
-0.0844
-0.0834
-0.0823
-0.0812
-0.0823
-0.0812
-0.0769
-0.0812
-0.0801
-0.0769
-0.0748
-0.0769
-0.0780
-0.0791
-0.0791
-0.0737
-0.0726
-0.0748
-0.0737
-0.0726
-0.0737
-0.0737
-0.0726
-0.0673
-0.0673
-0.0673
-0.0683
-0.0673
-0.0683
-0.0694
-0.0673
-0.0683
-0.0683
-0.0673
-0.0640
-0.0651
-0.0630
-0.0640
-0.0662
-0.0640
-0.0608
-0.0640
-0.0651
-0.0597
-0.0640
-0.0640
-0.0630
-0.0619
-0.0619
-0.0619
-0.0640
-0.0597
-0.0597
-0.0597
-0.0587
-0.0565
-0.0565
-0.0587
-0.0597
-0.0565
-0.0587
-0.0597
-0.0576
-0.0587
-0.0587
-0.0554
-0.0554
-0.0544
-0.0511
-0.0522
-0.0554
-0.0544
-0.0554
-0.0554
-0.0565
-0.0554
-0.0565
-0.0544
-0.0533
-0.0533
-0.0511
-0.0533
-0.0554
-0.0533
-0.0554
-0.0501
-0.0490
-0.0522
-0.0533
-0.0490
-0.0501
-0.0490
-0.0511
-0.0544
-0.0544
-0.0469
-0.0522
-0.0490
-0.0458
-0.0469
-0.0501
-0.0501
-0.0511
-0.0544
-0.0511
-0.0511
-0.0501
-0.0479
-0.0490
-0.0490
-0.0458
-0.0469
-0.0469
-0.0469
-0.0469
-0.0479
-0.0469
-0.0490
-0.0469
-0.0469
-0.0436
-0.0469
-0.0479
-0.0479
-0.0511
-0.0479
-0.0469
-0.0469
-0.0469
-0.0479
-0.0469
-0.0458
-0.0469
-0.0469
-0.0469
-0.0479
-0.0469
-0.0469
-0.0469
-0.0458
